3694490	0
1128390	1
3575958	2
791134	3
6407221	4
1002956	5
12846335	6
10898549	7
1235355	8
9304465	9
11540970	10
3520654	11
652900	12
7797913	13
5088056	14
1556514	15
952841	16
5421997	17
129317	18
9143205	19
14207809	20
2438383	21
711715	22
571596	23
6920756	24
3892035	25
2837789	26
68740	27
9162803	28
857664	29
10207169	30
8856630	31
7315631	32
15104217	33
2168876	34
12705013	35
740342	36
11417387	37
3295357	38
1176232	39
1679669	40
13894434	41
1893313	42
14855150	43
9647834	44
944449	45
3089121	46
10598749	47
3530803	48
13303315	49
122097	50
2559199	51
13622209	52
11190183	53
9730204	54
282485	55
5610008	56
7434942	57
12982103	58
13624873	59
825089	60
11788727	61
8817418	62
10875468	63
2376429	64
622068	65
7171206	66
239024	67
121678	68
355955	69
442981	70
4007239	71
11770969	72
10472129	73
2643112	74
6676416	75
237511	76
12344131	77
13487207	78
8537837	79
14910165	80
5967588	81
1418947	82
440580	83
2833793	84
11234152	85
5609884	86
4496035	87
14524849	88
13360498	89
1884703	90
9905050	91
11693981	92
1567888	93
13858	94
11833208	95
12078172	96
5371663	97
1279631	98
6183899	99
8795492	100
4270147	101
3224032	102
529101	103
565302	104
13810615	105
4623612	106
5246215	107
5454070	108
1139194	109
4122825	110
487748	111
839834	112
947077	113
4472726	114
1548193	115
2642644	116
5808102	117
1402381	118
1710190	119
1699346	120
6491786	121
594260	122
401783	123
238867	124
48656	125
13998576	126
1927301	127
2134589	128
693633	129
11482013	130
5516366	131
1011166	132
2037472	133
5754197	134
2496036	135
12955191	136
4052757	137
1116380	138
3963645	139
1313923	140
1269008	141
14633206	142
29378	143
742474	144
556193	145
6736529	146
10009484	147
9838701	148
14920388	149
15297672	150
11881063	151
11878283	152
8711468	153
10483138	154
2766534	155
198451	156
4681230	157
2955247	158
6877078	159
5167237	160
5490983	161
5383598	162
1694311	163
1214265	164
110057	165
3203441	166
2148377	167
4625284	168
5645597	169
14504558	170
13189844	171
2007161	172
596644	173
710155	174
4357930	175
2450992	176
2447591	177
662182	178
560293	179
7518878	180
4537919	181
6158185	182
5682950	183
2500267	184
4091247	185
8098708	186
9026360	187
12899752	188
2044278	189
12624381	190
2612234	191
11444816	192
346296	193
9075842	194
6787150	195
10090020	196
937476	197
7873057	198
701576	199
4191595	200
14807558	201
1117164	202
1598988	203
11116642	204
10121952	205
12099556	206
2769241	207
194170	208
849523	209
397760	210
4277204	211
3965907	212
1565599	213
2182851	214
10439629	215
391086	216
4091097	217
2746365	218
869596	219
10162507	220
5524243	221
2063018	222
1166517	223
4961136	224
6720784	225
14172005	226
2446645	227
8402442	228
5154676	229
636061	230
6231191	231
524530	232
1821418	233
11490638	234
2252226	235
5834567	236
1194114	237
9624168	238
11427241	239
3069213	240
14873951	241
8976799	242
9341465	243
1574292	244
4469813	245
319406	246
10160624	247
529582	248
14654175	249
4285622	250
4849241	251
14840755	252
6125698	253
60477	254
13949802	255
14803074	256
13722060	257
3326073	258
13065902	259
2896074	260
8632258	261
9534428	262
2275921	263
609236	264
1989869	265
10739636	266
776732	267
4085873	268
10584853	269
3186005	270
2292535	271
4948241	272
1153861	273
2505342	274
7362218	275
453935	276
12479537	277
10770545	278
11886788	279
9890749	280
786816	281
1270589	282
2939866	283
2225510	284
9941383	285
11707229	286
7012	287
11783162	288
1110247	289
2172870	290
12383256	291
7826453	292
8845555	293
2420789	294
8122141	295
10669357	296
564177	297
6178042	298
10093396	299
140112	300
3455355	301
7480068	302
8507109	303
5290756	304
8267640	305
6389553	306
1537134	307
1321854	308
2625648	309
14875077	310
7379963	311
11659500	312
3496892	313
7364115	314
10298912	315
707366	316
1619152	317
7891433	318
1450281	319
1583494	320
3928116	321
830257	322
1322509	323
11869351	324
2623529	325
470386	326
2930503	327
2350845	328
6578323	329
1802309	330
9311259	331
4363991	332
1462928	333
3891051	334
15030481	335
8253450	336
10792335	337
7092356	338
1612084	339
3199775	340
6867675	341
11896722	342
8209687	343
1736256	344
11511523	345
12697152	346
11728099	347
144314	348
12344996	349
10168012	350
5229468	351
8100907	352
10700640	353
10801291	354
10327583	355
3209141	356
5064722	357
1656813	358
2344060	359
9899929	360
851103	361
851100	362
10550673	363
1594611	364
12611640	365
13550318	366
12667964	367
1751545	368
13004160	369
5388115	370
1774595	371
2670049	372
6956287	373
2338449	374
11961266	375
5247369	376
3060294	377
1485073	378
13250048	379
6466030	380
1073241	381
880662	382
5981768	383
3711145	384
2156532	385
10738515	386
789534	387
6656408	388
1932586	389
5890963	390
10660333	391
12002197	392
5577410	393
4910684	394
2523784	395
534152	396
1235769	397
4019335	398
1982044	399
7593774	400
9109444	401
23271	402
4474035	403
2639475	404
2270165	405
960961	406
4229195	407
5328867	408
13761171	409
3320046	410
10627899	411
6518719	412
5855517	413
889026	414
44149	415
10180923	416
2670382	417
7684600	418
13879320	419
5661996	420
8181658	421
9307902	422
4606358	423
9943811	424
5631449	425
12587132	426
2982232	427
789391	428
932324	429
228858	430
4571088	431
6838437	432
12524188	433
4656996	434
13793776	435
1376245	436
1463965	437
13066631	438
13558490	439
7243837	440
12309850	441
965871	442
5475878	443
233980	444
12863624	445
657604	446
13878634	447
13491616	448
14118138	449
1108627	450
1995323	451
6436183	452
12085469	453
7573696	454
10335931	455
3341707	456
574514	457
7577538	458
14560926	459
6094774	460
11124300	461
2618372	462
14055408	463
4146050	464
2509287	465
2472293	466
31921	467
2377651	468
1780696	469
1420451	470
528990	471
11614713	472
10293590	473
4933544	474
13139055	475
1382917	476
1312096	477
4416901	478
8356573	479
2865931	480
355365	481
2666531	482
3835582	483
751389	484
12571606	485
9686536	486
14857021	487
716758	488
13841863	489
901316	490
10644301	491
2502037	492
11154646	493
5540407	494
12301917	495
120316	496
5558345	497
9237076	498
8230110	499
1024811	500
293977	501
1278873	502
837675	503
566322	504
2272286	505
2276902	506
7375525	507
2350105	508
976487	509
9125354	510
13043516	511
10164025	512
8010942	513
2641063	514
2330582	515
6527851	516
4555291	517
13505467	518
536143	519
2018027	520
6176322	521
7370410	522
1923171	523
8855763	524
9927089	525
11940349	526
12644464	527
1700655	528
999787	529
1219551	530
11684264	531
46177	532
11520989	533
10594043	534
5711915	535
1034932	536
15025942	537
2404186	538
1740892	539
13619920	540
1949684	541
10400998	542
1521014	543
14201	544
7575392	545
1488555	546
1070187	547
290406	548
2169119	549
6204406	550
14019600	551
10180178	552
6371413	553
3859717	554
6208021	555
6754972	556
2119659	557
2680358	558
406053	559
13472518	560
5272110	561
6451891	562
52500	563
1220152	564
2482820	565
1845229	566
348801	567
11402463	568
6936948	569
3894762	570
2651014	571
13187604	572
4695963	573
4187061	574
890590	575
9371816	576
8029908	577
1442779	578
9477037	579
2002591	580
5249636	581
12942930	582
2311260	583
2875233	584
1134781	585
700979	586
12837803	587
15055936	588
1783571	589
3231912	590
2400760	591
339934	592
4564698	593
2051701	594
735571	595
12154426	596
1560984	597
3113835	598
11477384	599
9131001	600
12934479	601
14849367	602
15233411	603
238542	604
11775780	605
1520058	606
1130607	607
10549925	608
13754293	609
2798290	610
2171633	611
9026911	612
2247363	613
1915131	614
5495172	615
2803349	616
11825535	617
11889847	618
2062212	619
14420954	620
282523	621
2403231	622
10435988	623
1944812	624
1486411	625
1560369	626
3016953	627
2420991	628
12381666	629
1431987	630
2248808	631
6608277	632
1226240	633
179959	634
418394	635
15075378	636
7289014	637
2711890	638
7736813	639
1741446	640
12152869	641
8552138	642
11960540	643
9921034	644
1240514	645
1965747	646
649033	647
2247584	648
1641341	649
8728462	650
702601	651
10705448	652
2364221	653
3788195	654
2521816	655
7136711	656
5554051	657
2769460	658
1549905	659
1802033	660
3850746	661
2794779	662
2205896	663
2646377	664
312990	665
11449002	666
13523661	667
7363346	668
9129324	669
15163005	670
11522448	671
5452516	672
1261773	673
3587715	674
8244747	675
2919414	676
2478469	677
4045787	678
1430633	679
1586600	680
1904120	681
14051056	682
3231476	683
15218272	684
4553389	685
722675	686
13916721	687
9874862	688
10440580	689
6413889	690
2760622	691
13486671	692
2592866	693
57748	694
10381214	695
2133435	696
5638606	697
11648617	698
8780282	699
4753455	700
1143498	701
643250	702
2645007	703
1967677	704
10745894	705
6073888	706
9721444	707
563494	708
13150741	709
7973487	710
12857204	711
7722485	712
4576211	713
1198588	714
417643	715
1106504	716
2394477	717
5406128	718
5259240	719
184907	720
11976170	721
597728	722
1558594	723
3324928	724
968962	725
10164605	726
217152	727
14409489	728
9192708	729
2140357	730
2662239	731
6730563	732
26941	733
3616763	734
3619650	735
673448	736
2132745	737
8973330	738
11919447	739
11767196	740
6214744	741
10951459	742
2106966	743
9292545	744
1483131	745
4191943	746
12393527	747
7863374	748
2080783	749
11881563	750
889229	751
2157100	752
3665366	753
3360845	754
6918396	755
412696	756
1970866	757
11620673	758
10019888	759
12191461	760
2040652	761
834135	762
14005137	763
8565894	764
7907161	765
1164874	766
2593019	767
10346514	768
1398941	769
4941942	770
14639921	771
7613671	772
456151	773
2818402	774
9094581	775
421125	776
5254795	777
11956208	778
10602470	779
1123887	780
4790449	781
14597758	782
2244773	783
12913645	784
9119277	785
5530092	786
61917	787
2373785	788
1592892	789
9012297	790
11880218	791
14135065	792
971015	793
6432376	794
11628284	795
2319967	796
4020298	797
8167046	798
10126177	799
9011922	800
12067193	801
1505958	802
5323889	803
15210045	804
540946	805
8289841	806
248977	807
11506349	808
13140993	809
1550172	810
5575002	811
6802571	812
8437847	813
7450842	814
11974557	815
10812550	816
5199286	817
5151088	818
13298011	819
4945530	820
8929555	821
6804483	822
845178	823
1593763	824
12179632	825
10786992	826
2885338	827
10773126	828
3146219	829
10256756	830
2621419	831
801125	832
1270628	833
1277938	834
8167779	835
10113583	836
1252875	837
7308563	838
2449847	839
1026095	840
4194289	841
1776546	842
9366317	843
226882	844
10179649	845
2450034	846
2068735	847
4986883	848
6353445	849
2058994	850
9824135	851
3189461	852
2230247	853
6121113	854
12241192	855
12438324	856
2300797	857
11617631	858
395841	859
1331348	860
14789885	861
651630	862
1209220	863
12437311	864
1932482	865
4066476	866
5475681	867
1831712	868
14462666	869
1681513	870
11162582	871
4482543	872
10427658	873
1381913	874
7491286	875
10587227	876
14407899	877
4633453	878
2121188	879
1644050	880
999817	881
999815	882
5634219	883
12011067	884
12572021	885
2085573	886
1639765	887
11088346	888
2232086	889
8817235	890
3721797	891
2571034	892
3851787	893
5020981	894
1659248	895
13483488	896
3195118	897
5111835	898
11085924	899
3277771	900
5530871	901
7240278	902
9252970	903
1648620	904
1020936	905
1020934	906
4904851	907
2425532	908
14544335	909
346839	910
6150222	911
2173240	912
15115926	913
2834778	914
1830042	915
13948136	916
386566	917
603866	918
15179415	919
2580991	920
2071142	921
1999048	922
1551430	923
13412321	924
6147522	925
9708648	926
4183217	927
1826223	928
1177314	929
97179	930
4041069	931
14821590	932
9795334	933
9912995	934
3385420	935
10181990	936
2377703	937
739270	938
275607	939
13806140	940
122626	941
6822198	942
15248269	943
1958914	944
2615829	945
13286099	946
12600574	947
12551457	948
13530989	949
753881	950
11292105	951
14468508	952
12437769	953
11945930	954
14685641	955
5574151	956
12610186	957
1775230	958
550771	959
500055	960
550777	961
161044	962
12444666	963
13745086	964
1460594	965
13208468	966
7766409	967
13990675	968
8087570	969
12592839	970
359903	971
9851165	972
575561	973
1768402	974
10718665	975
2056091	976
240754	977
10429965	978
14487443	979
6470073	980
282050	981
5648247	982
14392143	983
12593122	984
8615374	985
9464486	986
6790042	987
4863074	988
12259316	989
1489161	990
14025478	991
1629403	992
7404944	993
9439433	994
1388653	995
1106864	996
1176540	997
8724545	998
10844231	999
408852	1000
430140	1001
9891470	1002
1382033	1003
1699537	1004
5294819	1005
13327896	1006
1699539	1007
8642517	1008
119524	1009
2149899	1010
3886053	1011
10902934	1012
8225090	1013
6709245	1014
12941360	1015
6340838	1016
1255222	1017
10628644	1018
4522421	1019
14896441	1020
1661818	1021
1176897	1022
7445896	1023
12445138	1024
12200747	1025
5812038	1026
7844042	1027
11084895	1028
2270473	1029
2982790	1030
9033117	1031
13726296	1032
2354537	1033
15210870	1034
13628955	1035
3563200	1036
8916111	1037
13948441	1038
12806270	1039
2760429	1040
4071876	1041
6633363	1042
1432474	1043
2189670	1044
6441195	1045
2251775	1046
1031194	1047
1390287	1048
10754281	1049
10690849	1050
13577544	1051
6816935	1052
1943153	1053
2400378	1054
12638218	1055
14492373	1056
9306840	1057
1665932	1058
1991676	1059
15150493	1060
2951843	1061
9427876	1062
2021438	1063
12235479	1064
996817	1065
2693895	1066
3851341	1067
198793	1068
152727	1069
14010148	1070
1008546	1071
7687211	1072
2437148	1073
9012530	1074
1152583	1075
9118639	1076
229260	1077
6837465	1078
13560417	1079
7726672	1080
1984902	1081
5601357	1082
2153959	1083
624263	1084
1550429	1085
1524359	1086
901103	1087
96969	1088
2619924	1089
2132580	1090
8826306	1091
4463983	1092
2326795	1093
1350994	1094
5510173	1095
13280658	1096
212414	1097
2403454	1098
2468617	1099
11159698	1100
97621	1101
357023	1102
1566476	1103
6414727	1104
4694809	1105
2055267	1106
1955084	1107
4463017	1108
9184975	1109
396642	1110
2182662	1111
1611252	1112
915605	1113
5524430	1114
1388130	1115
5698982	1116
9959387	1117
2569630	1118
1786402	1119
5615147	1120
12032215	1121
4975122	1122
2032934	1123
5652926	1124
4187233	1125
10199783	1126
249188	1127
8206460	1128
1917980	1129
13296089	1130
12747563	1131
481941	1132
8565701	1133
15062284	1134
7475107	1135
9812338	1136
1258302	1137
2629435	1138
10604634	1139
6757289	1140
5740929	1141
822449	1142
10506762	1143
9385911	1144
59899	1145
2664511	1146
235208	1147
6149192	1148
4751305	1149
9249418	1150
10991415	1151
390560	1152
10085101	1153
1574390	1154
3604843	1155
2624263	1156
67999	1157
5484711	1158
9367203	1159
9290777	1160
67990	1161
593108	1162
2170848	1163
12227220	1164
9277279	1165
10801561	1166
10857540	1167
2617567	1168
2406174	1169
13111174	1170
15207556	1171
2185973	1172
6613056	1173
944924	1174
12222334	1175
5913538	1176
5432736	1177
11976715	1178
11431754	1179
12950501	1180
48790	1181
13864153	1182
701877	1183
12269652	1184
12701178	1185
12851304	1186
9074431	1187
9880338	1188
9058071	1189
10303814	1190
10754449	1191
2343487	1192
7214894	1193
529224	1194
13732078	1195
12288422	1196
7289588	1197
12704041	1198
5077146	1199
4654337	1200
12434	1201
14350837	1202
9977326	1203
6667317	1204
886807	1205
10129133	1206
61598	1207
10214637	1208
13622591	1209
61595	1210
15285772	1211
5265417	1212
8292756	1213
729781	1214
9886403	1215
13148602	1216
3130340	1217
14500819	1218
9323221	1219
2593679	1220
2797692	1221
10181137	1222
2672187	1223
3894051	1224
1144133	1225
2250822	1226
737070	1227
10675010	1228
14058563	1229
11511176	1230
12418356	1231
13313899	1232
512877	1233
37457	1234
13546169	1235
4323819	1236
1240720	1237
6618822	1238
592652	1239
590241	1240
10350896	1241
10252921	1242
13743605	1243
3261776	1244
13499923	1245
1858441	1246
365471	1247
9027853	1248
6376154	1249
816143	1250
1549719	1251
7240077	1252
12518305	1253
188580	1254
5310351	1255
1577265	1256
9217414	1257
9053801	1258
8920381	1259
4004767	1260
12623368	1261
4753799	1262
1648356	1263
10827155	1264
2648174	1265
14952122	1266
774932	1267
1850315	1268
310386	1269
12909252	1270
3967396	1271
2555863	1272
8023843	1273
1284444	1274
9014979	1275
2992529	1276
8252602	1277
1424948	1278
205046	1279
14395403	1280
8954057	1281
14514491	1282
13390857	1283
5304603	1284
14706889	1285
8249960	1286
2621244	1287
6429590	1288
1823528	1289
1457489	1290
1493897	1291
7143137	1292
2631238	1293
1622352	1294
11124647	1295
12085840	1296
2259212	1297
6514621	1298
4939324	1299
7888909	1300
7240925	1301
5308310	1302
10661563	1303
4622415	1304
596081	1305
13600822	1306
10368920	1307
8979054	1308
1130930	1309
4621963	1310
7065562	1311
4873550	1312
699815	1313
15295416	1314
13398469	1315
6648207	1316
1569181	1317
10366145	1318
2098325	1319
1411870	1320
2391994	1321
6904171	1322
13949576	1323
6650431	1324
4443588	1325
10034614	1326
2182342	1327
2848523	1328
8765460	1329
10676682	1330
5498773	1331
4631067	1332
2346998	1333
12379531	1334
5405324	1335
10581094	1336
2713372	1337
2166567	1338
7308889	1339
1426160	1340
11786843	1341
14500047	1342
3008207	1343
14749794	1344
2535457	1345
5683197	1346
676693	1347
8519624	1348
2150948	1349
9988703	1350
6913768	1351
1244853	1352
6838868	1353
1047745	1354
3572449	1355
10772190	1356
12373361	1357
77071	1358
760956	1359
10421753	1360
12606227	1361
2343816	1362
14200873	1363
697419	1364
10999584	1365
12974987	1366
1848718	1367
7288639	1368
12653762	1369
11845387	1370
2608004	1371
7622708	1372
13216238	1373
6726158	1374
2293352	1375
879271	1376
15091304	1377
4441528	1378
5416678	1379
2946348	1380
1728445	1381
3900509	1382
2167210	1383
12201580	1384
12166312	1385
11894770	1386
2587895	1387
1767163	1388
1465365	1389
727991	1390
1941223	1391
583246	1392
8914193	1393
12717644	1394
12174124	1395
9060768	1396
1996392	1397
13471206	1398
2405440	1399
7929351	1400
12724201	1401
789934	1402
1863158	1403
4365751	1404
10321126	1405
13559409	1406
5127782	1407
5316175	1408
4017137	1409
7985223	1410
9608002	1411
3579538	1412
1142324	1413
1306175	1414
12582665	1415
9885676	1416
9042213	1417
12937388	1418
1103603	1419
12165758	1420
12252866	1421
1985524	1422
9304750	1423
3640660	1424
13726947	1425
3084204	1426
6763273	1427
9463919	1428
12197211	1429
2340897	1430
12357802	1431
4874672	1432
855512	1433
5372593	1434
8394922	1435
13602401	1436
2145767	1437
6615026	1438
9492	1439
5092635	1440
795161	1441
5989479	1442
11910835	1443
611972	1444
14980910	1445
505349	1446
7143624	1447
13426376	1448
4038727	1449
6890254	1450
13575433	1451
15097017	1452
12023726	1453
1496630	1454
11680995	1455
3316274	1456
12383073	1457
337903	1458
5867413	1459
909219	1460
5656042	1461
4635953	1462
10106080	1463
4580493	1464
11356822	1465
2230782	1466
12410032	1467
4096848	1468
2509815	1469
939818	1470
11997032	1471
3380134	1472
1604696	1473
1370260	1474
12059851	1475
286957	1476
2010881	1477
1987160	1478
15212455	1479
231567	1480
12489524	1481
1230710	1482
2623906	1483
4656598	1484
6826407	1485
13322343	1486
1063697	1487
6522501	1488
1063695	1489
1301080	1490
8566554	1491
8088963	1492
6556692	1493
362467	1494
13686660	1495
8855909	1496
1300937	1497
6268567	1498
13329047	1499
9545000	1500
8329113	1501
353782	1502
4478889	1503
11002191	1504
1466047	1505
11098380	1506
12986447	1507
9867956	1508
4910377	1509
4764741	1510
781303	1511
1249616	1512
4643662	1513
7123404	1514
324806	1515
14657818	1516
2530861	1517
2718811	1518
6496624	1519
12980840	1520
7040939	1521
14214584	1522
1264283	1523
13080674	1524
5794694	1525
2091165	1526
8793310	1527
6377442	1528
561571	1529
5651068	1530
5557339	1531
13085113	1532
12003407	1533
13814184	1534
9085209	1535
10624074	1536
8288753	1537
4508489	1538
6205411	1539
7854813	1540
8475722	1541
7012534	1542
12342852	1543
1942869	1544
1397385	1545
10682599	1546
2360448	1547
3754979	1548
8330106	1549
2970534	1550
6838329	1551
5716744	1552
9921792	1553
8970064	1554
2493509	1555
11644226	1556
2601808	1557
12942395	1558
13495209	1559
2188065	1560
1303242	1561
7305760	1562
6065819	1563
1191610	1564
2473981	1565
10720453	1566
14052046	1567
87736	1568
796886	1569
12060380	1570
2180529	1571
13555775	1572
5464104	1573
13064111	1574
2949931	1575
14969044	1576
8727806	1577
1455184	1578
12959371	1579
13952171	1580
1038434	1581
14842992	1582
8082602	1583
13095348	1584
2114924	1585
8755852	1586
17865	1587
11761007	1588
10375506	1589
3346135	1590
15257692	1591
1543731	1592
1966797	1593
642379	1594
3434943	1595
6218459	1596
6608728	1597
2248510	1598
14737847	1599
135013	1600
12061380	1601
14063633	1602
12193964	1603
8241964	1604
950858	1605
7686021	1606
1054849	1607
10667041	1608
10535706	1609
9255921	1610
7940552	1611
4335435	1612
10728998	1613
6334512	1614
13631037	1615
6410904	1616
4846533	1617
10760340	1618
2565728	1619
64479	1620
5146739	1621
382010	1622
5382135	1623
527034	1624
1528339	1625
5006285	1626
152887	1627
13291189	1628
11748330	1629
5525628	1630
10714851	1631
2017775	1632
4026813	1633
669762	1634
2496816	1635
12104614	1636
6243963	1637
5871792	1638
1622596	1639
143885	1640
6270879	1641
838098	1642
1107254	1643
8207672	1644
2714315	1645
567291	1646
10161047	1647
9605289	1648
4523525	1649
9875188	1650
993014	1651
1538630	1652
1698434	1653
8398773	1654
10895549	1655
2534352	1656
10229193	1657
190783	1658
1299476	1659
7295047	1660
1249294	1661
10316164	1662
1328513	1663
1955127	1664
9978889	1665
2112497	1666
12604639	1667
13892897	1668
2545569	1669
3250089	1670
8194266	1671
5618056	1672
6289250	1673
15277118	1674
11968704	1675
2906438	1676
4205318	1677
8345366	1678
1202068	1679
9831962	1680
950431	1681
5566919	1682
1890860	1683
14091254	1684
12879963	1685
9445088	1686
5403427	1687
12813024	1688
8044265	1689
9809134	1690
1332205	1691
14586258	1692
639693	1693
5492426	1694
1853542	1695
5879441	1696
11778391	1697
10965550	1698
949619	1699
1596056	1700
2718178	1701
2499629	1702
1216191	1703
10348526	1704
12300625	1705
11978035	1706
3036469	1707
3081021	1708
9436708	1709
5678932	1710
12115563	1711
5233100	1712
11903671	1713
2617689	1714
1844414	1715
12624873	1716
7196682	1717
5520479	1718
12678224	1719
11331804	1720
1589286	1721
10271525	1722
1266945	1723
2187693	1724
1742556	1725
7362830	1726
12432808	1727
5264247	1728
14393438	1729
2026785	1730
10121246	1731
12015959	1732
12823164	1733
1476829	1734
1017320	1735
11782878	1736
10771270	1737
4285008	1738
1564394	1739
561036	1740
565592	1741
10672662	1742
7256932	1743
2141713	1744
2716205	1745
1936753	1746
199912	1747
681094	1748
12068824	1749
2325884	1750
5680193	1751
1695259	1752
3733925	1753
2127052	1754
1695257	1755
12433178	1756
1372408	1757
12711596	1758
2179279	1759
8800258	1760
1590042	1761
2247076	1762
12371439	1763
7517550	1764
1163779	1765
11660979	1766
10583916	1767
1095899	1768
74641	1769
988287	1770
2004855	1771
9853645	1772
1803380	1773
12694336	1774
1809980	1775
548326	1776
1854132	1777
12214245	1778
9972157	1779
10339504	1780
512522	1781
805524	1782
2075727	1783
1044114	1784
2353537	1785
1377571	1786
8103299	1787
555138	1788
1204055	1789
1754190	1790
1477014	1791
840609	1792
1577659	1793
794367	1794
1472251	1795
6335162	1796
2704928	1797
14242922	1798
1572174	1799
12996225	1800
381850	1801
10840769	1802
4014297	1803
12698905	1804
14479615	1805
9241047	1806
2226821	1807
2595702	1808
9784443	1809
1240979	1810
10879789	1811
1408929	1812
981369	1813
10412910	1814
4134339	1815
5203649	1816
9955015	1817
4885091	1818
10286855	1819
955565	1820
7569106	1821
11767354	1822
436339	1823
9943541	1824
8983742	1825
14421373	1826
2683840	1827
2208118	1828
692143	1829
7349299	1830
12933827	1831
5797597	1832
12357485	1833
1494475	1834
7330007	1835
1152033	1836
5768252	1837
3756624	1838
12782774	1839
15282696	1840
11414874	1841
14451349	1842
12905817	1843
8365855	1844
8135342	1845
1506583	1846
4756887	1847
9322454	1848
2527085	1849
1593614	1850
3132438	1851
7124340	1852
14953564	1853
2950826	1854
8778597	1855
12165170	1856
15134054	1857
2003725	1858
13609214	1859
9893502	1860
4127633	1861
1838326	1862
948206	1863
2464693	1864
86077	1865
8564307	1866
1073822	1867
10752719	1868
1073824	1869
9540430	1870
1077568	1871
8211924	1872
1005284	1873
14911057	1874
6943771	1875
2725714	1876
13007034	1877
11014212	1878
4038109	1879
12643473	1880
1974062	1881
15280695	1882
5861067	1883
2608708	1884
12610609	1885
2583211	1886
843325	1887
1640846	1888
6547059	1889
6577585	1890
15164957	1891
12148962	1892
5412242	1893
1490885	1894
9167652	1895
1654863	1896
1085937	1897
12321873	1898
13604275	1899
4451818	1900
10539715	1901
1557774	1902
8602650	1903
6261744	1904
9324474	1905
11962108	1906
2429682	1907
3225108	1908
11823043	1909
552815	1910
13813591	1911
2376958	1912
7094843	1913
2298998	1914
3175081	1915
15211806	1916
3547054	1917
9997404	1918
13629854	1919
9133895	1920
12647376	1921
13774404	1922
11940478	1923
1979462	1924
4131208	1925
7906877	1926
12972818	1927
15045490	1928
8986374	1929
9051726	1930
6755568	1931
8395991	1932
1336159	1933
1340283	1934
1681200	1935
3578055	1936
1333301	1937
15128997	1938
952214	1939
1100567	1940
2760855	1941
2354950	1942
6562802	1943
4298308	1944
1031563	1945
7827410	1946
12799119	1947
7561590	1948
1022008	1949
11199727	1950
2484813	1951
13988224	1952
164816	1953
5252016	1954
2522399	1955
7969695	1956
713952	1957
281101	1958
8159924	1959
10425946	1960
11338796	1961
10334957	1962
10737103	1963
2528949	1964
13083023	1965
2117232	1966
1070102	1967
11411610	1968
508032	1969
7997703	1970
11289709	1971
1412279	1972
11777365	1973
1421496	1974
7537973	1975
5407119	1976
3942244	1977
8987423	1978
9587565	1979
5505679	1980
13231078	1981
4522904	1982
1107726	1983
6306233	1984
1795545	1985
4078747	1986
9240051	1987
10722758	1988
1302183	1989
8132637	1990
1254253	1991
1235258	1992
9626589	1993
8515457	1994
4257790	1995
1707306	1996
12594989	1997
952963	1998
14186738	1999
403401	2000
6888674	2001
8188449	2002
2429123	2003
8242100	2004
10734741	2005
9811414	2006
2861509	2007
12004686	2008
9139508	2009
1912893	2010
291757	2011
1086356	2012
7314427	2013
13630545	2014
7880583	2015
891936	2016
2732072	2017
14522113	2018
1774252	2019
15206744	2020
9964411	2021
2523110	2022
5504107	2023
15185007	2024
10384214	2025
8754529	2026
3901074	2027
10701783	2028
7764847	2029
11946051	2030
11573173	2031
4860586	2032
6626446	2033
7172756	2034
5783940	2035
12130549	2036
9014066	2037
93163	2038
785690	2039
1059743	2040
10166394	2041
311559	2042
10575787	2043
2761897	2044
739340	2045
12002651	2046
2243351	2047
2336015	2048
1058291	2049
10332385	2050
955601	2051
9769076	2052
10245639	2053
2376542	2054
4264914	2055
1252566	2056
9332394	2057
435778	2058
11167595	2059
15237567	2060
12486732	2061
446329	2062
442669	2063
2115335	2064
12155773	2065
860011	2066
9041199	2067
6319293	2068
5264081	2069
14899152	2070
4980463	2071
11916467	2072
660783	2073
5757049	2074
8946187	2075
2278470	2076
6773434	2077
13286254	2078
3029603	2079
6876144	2080
11551	2081
746084	2082
10387324	2083
6075527	2084
4173698	2085
2246456	2086
11762706	2087
173283	2088
3018802	2089
7769306	2090
2790012	2091
2324045	2092
1280958	2093
249679	2094
1822773	2095
6741728	2096
5513302	2097
14365741	2098
615421	2099
2677028	2100
3291551	2101
6285559	2102
5245192	2103
9022831	2104
5652396	2105
1963876	2106
3314378	2107
120515	2108
1190884	2109
9145217	2110
126584	2111
9843824	2112
10395390	2113
13801700	2114
1280488	2115
1255935	2116
345312	2117
5808794	2118
2750835	2119
14061805	2120
2579557	2121
13163250	2122
4819026	2123
9215437	2124
8171094	2125
12263987	2126
7726386	2127
8977948	2128
7964809	2129
2482784	2130
854420	2131
5274105	2132
10334567	2133
12550210	2134
3777568	2135
12731202	2136
4289027	2137
2989475	2138
12391477	2139
10266848	2140
3993180	2141
3786313	2142
1990694	2143
14122053	2144
12298783	2145
3315023	2146
1890274	2147
7255174	2148
181005	2149
1813811	2150
4559023	2151
2321529	2152
8786855	2153
2336684	2154
737005	2155
2567484	2156
2049299	2157
5222940	2158
12106786	2159
1823912	2160
1807828	2161
8041106	2162
1745125	2163
984609	2164
3886432	2165
7681450	2166
9026204	2167
12891469	2168
1249315	2169
9559201	2170
2210567	2171
313987	2172
2548247	2173
1693727	2174
9953775	2175
7255791	2176
5418717	2177
13214645	2178
13560079	2179
592341	2180
5935060	2181
5678474	2182
417397	2183
10263411	2184
6693870	2185
11400704	2186
1471682	2187
10161363	2188
2358091	2189
14129999	2190
2182796	2191
2767433	2192
388635	2193
12522894	2194
4850589	2195
1683758	2196
981830	2197
6549661	2198
4802776	2199
8518171	2200
515791	2201
3061505	2202
958896	2203
6605046	2204
12073744	2205
2599939	2206
13343917	2207
278810	2208
5674584	2209
5898035	2210
10197392	2211
12367611	2212
835267	2213
9601571	2214
2103406	2215
8040762	2216
9620078	2217
3865949	2218
2660164	2219
3717750	2220
11668117	2221
447158	2222
3884072	2223
7009640	2224
9028062	2225
1328705	2226
6200178	2227
12485122	2228
13490909	2229
6590885	2230
73525	2231
765193	2232
5088324	2233
3838160	2234
1420765	2235
11887119	2236
10422871	2237
10172793	2238
7131854	2239
5983217	2240
3888605	2241
1158022	2242
3569964	2243
13179972	2244
11599694	2245
2066304	2246
476788	2247
10120816	2248
848420	2249
4783724	2250
7545303	2251
2457756	2252
2739861	2253
8889400	2254
7429976	2255
1801753	2256
14025755	2257
8014615	2258
8814474	2259
6856568	2260
1608086	2261
12193665	2262
2924023	2263
9836160	2264
11347080	2265
12007766	2266
1162257	2267
5898171	2268
1985029	2269
4663763	2270
2717362	2271
2632940	2272
6604319	2273
2443808	2274
467995	2275
536304	2276
12239100	2277
5527085	2278
7643026	2279
11099729	2280
1784427	2281
14643793	2282
879607	2283
10732010	2284
7461050	2285
1794363	2286
5018785	2287
2016358	2288
935005	2289
13563746	2290
2053829	2291
10018532	2292
9681973	2293
9409752	2294
8453464	2295
2465297	2296
260051	2297
10299250	2298
1545303	2299
2770717	2300
2713992	2301
1884383	2302
3077958	2303
3772269	2304
694641	2305
6318062	2306
1886728	2307
683771	2308
172073	2309
9286318	2310
12351600	2311
13489037	2312
2459173	2313
1834213	2314
1506812	2315
9714429	2316
3787523	2317
11460281	2318
8141092	2319
8065234	2320
1726879	2321
11813309	2322
140900	2323
11544314	2324
2159117	2325
8993288	2326
1478603	2327
4827652	2328
12288598	2329
1232298	2330
961001	2331
7454452	2332
5902545	2333
12532886	2334
4883614	2335
34115	2336
12475035	2337
9103648	2338
167824	2339
1134238	2340
3511175	2341
10374849	2342
2460817	2343
5999266	2344
1165579	2345
680485	2346
2176747	2347
5453145	2348
5207570	2349
10460286	2350
10142391	2351
10648237	2352
6964247	2353
857784	2354
129743	2355
5204004	2356
13462191	2357
967098	2358
2353709	2359
2277303	2360
7015510	2361
1837744	2362
6876309	2363
1837746	2364
8597727	2365
465291	2366
11907689	2367
1882714	2368
5039106	2369
7011209	2370
8851034	2371
1645093	2372
9193282	2373
14542579	2374
2454999	2375
3748162	2376
11746776	2377
2198532	2378
14666510	2379
10207514	2380
11714618	2381
8260961	2382
3748456	2383
3283827	2384
4484432	2385
9153710	2386
14464005	2387
9293917	2388
8647945	2389
5149325	2390
2006656	2391
387657	2392
7487955	2393
764902	2394
2900160	2395
1458842	2396
1976146	2397
9433442	2398
10408552	2399
1033458	2400
7578363	2401
2223238	2402
6515662	2403
12316853	2404
7216083	2405
12647560	2406
8197386	2407
2527294	2408
2537847	2409
11608250	2410
14747587	2411
12620196	2412
11127752	2413
12162181	2414
13607985	2415
1035853	2416
3398467	2417
9754907	2418
15052970	2419
2081060	2420
963570	2421
12516828	2422
8856266	2423
684480	2424
4391569	2425
1498041	2426
11654438	2427
744070	2428
10523341	2429
7552729	2430
5968710	2431
4016576	2432
13600404	2433
657728	2434
12346179	2435
7710007	2436
4859177	2437
8406361	2438
12236546	2439
15217308	2440
617095	2441
14980215	2442
1605119	2443
11627168	2444
10274318	2445
12626353	2446
14814616	2447
10182499	2448
7342049	2449
8102402	2450
2180797	2451
7407272	2452
11734872	2453
2424085	2454
2586619	2455
9920106	2456
13137409	2457
2052226	2458
9055906	2459
530442	2460
1872645	2461
1630532	2462
1630533	2463
9927451	2464
4833687	2465
14655371	2466
2021921	2467
10404242	2468
11525955	2469
2406916	2470
7582609	2471
13463490	2472
9758885	2473
7370671	2474
1389776	2475
2168699	2476
5779371	2477
331531	2478
13548734	2479
2618149	2480
4985198	2481
2521241	2482
2577061	2483
5542052	2484
6744154	2485
9243405	2486
900726	2487
5702726	2488
8761244	2489
3407122	2490
8627919	2491
11277500	2492
8040008	2493
8032594	2494
11120834	2495
8139795	2496
5207963	2497
3473966	2498
8877382	2499
7127006	2500
1916214	2501
10749123	2502
12381931	2503
2035656	2504
854150	2505
12612410	2506
5227572	2507
11759224	2508
2638960	2509
12736064	2510
12106540	2511
911261	2512
1627355	2513
9934921	2514
14287113	2515
7919310	2516
8031386	2517
14155274	2518
2688443	2519
2644113	2520
6975132	2521
208943	2522
2054502	2523
9997212	2524
5573602	2525
12126911	2526
400883	2527
2196948	2528
10141590	2529
1248205	2530
13373214	2531
13001743	2532
13858045	2533
9491966	2534
360501	2535
1871699	2536
1106377	2537
8873269	2538
1218327	2539
12708654	2540
9471638	2541
1633250	2542
1030397	2543
6330528	2544
11270577	2545
8710678	2546
4077734	2547
1521756	2548
7206096	2549
10564098	2550
4737234	2551
418903	2552
12272432	2553
14446161	2554
6768735	2555
2187320	2556
2761372	2557
1060746	2558
11605147	2559
12481806	2560
4300358	2561
1865383	2562
6945679	2563
11072189	2564
2155799	2565
7972888	2566
7033433	2567
4959061	2568
14343597	2569
2900705	2570
2486261	2571
1274909	2572
9479424	2573
54821	2574
4839676	2575
5613962	2576
4047401	2577
4929422	2578
4506289	2579
95873	2580
95870	2581
7811416	2582
13720852	2583
7053993	2584
1562265	2585
6706676	2586
7151892	2587
1672014	2588
2329093	2589
791227	2590
9877951	2591
7923748	2592
4777098	2593
6278136	2594
180962	2595
12056217	2596
9454265	2597
2025829	2598
838367	2599
9886540	2600
11975254	2601
15155891	2602
996513	2603
618451	2604
907930	2605
6261260	2606
7923297	2607
7314658	2608
9756195	2609
1846658	2610
1703341	2611
1631175	2612
9958892	2613
1530846	2614
1130169	2615
7471514	2616
1410223	2617
12516584	2618
13323988	2619
5684003	2620
4166841	2621
4695176	2622
12494115	2623
14298620	2624
10069296	2625
4552696	2626
3211789	2627
3371258	2628
2283728	2629
10329945	2630
26192	2631
1178415	2632
3784270	2633
6055946	2634
5284617	2635
4665813	2636
2243967	2637
10062042	2638
4258982	2639
5640433	2640
2077148	2641
7920989	2642
4552348	2643
2644967	2644
9082540	2645
1439604	2646
440747	2647
4629604	2648
9725772	2649
7057196	2650
4933852	2651
3654374	2652
10316527	2653
364297	2654
5691376	2655
9034286	2656
6673770	2657
5760877	2658
1193721	2659
3082979	2660
8245172	2661
10378290	2662
14440137	2663
1129920	2664
3192142	2665
11644712	2666
8463817	2667
7882497	2668
1371092	2669
252710	2670
1055404	2671
5603650	2672
12745564	2673
13397174	2674
2743050	2675
4579795	2676
9904837	2677
6719404	2678
1695681	2679
104539	2680
4124202	2681
934199	2682
12313574	2683
212808	2684
9715833	2685
3171228	2686
5275466	2687
727564	2688
12550408	2689
1144716	2690
9410928	2691
12015384	2692
8401248	2693
2519555	2694
11155444	2695
5181199	2696
10588357	2697
15213008	2698
2033561	2699
6170498	2700
9022667	2701
9685922	2702
13978601	2703
10440717	2704
10648033	2705
13070708	2706
9073697	2707
298556	2708
362610	2709
11516819	2710
299680	2711
9763784	2712
6953731	2713
2045705	2714
14958405	2715
7003119	2716
1690339	2717
4899201	2718
518395	2719
10012815	2720
7772413	2721
698855	2722
13254805	2723
13068073	2724
804002	2725
8587174	2726
7680932	2727
2352019	2728
381326	2729
1623967	2730
4376876	2731
1427278	2732
12756286	2733
2512922	2734
9648309	2735
2290956	2736
13982357	2737
3954731	2738
12409016	2739
5749402	2740
514730	2741
2515934	2742
7620485	2743
8400191	2744
2655135	2745
1153007	2746
171586	2747
8548733	2748
1212225	2749
772813	2750
2593354	2751
11795366	2752
12014524	2753
9863936	2754
12818742	2755
14830364	2756
9831411	2757
6139285	2758
918976	2759
1820077	2760
788632	2761
1874126	2762
9537660	2763
6709692	2764
8789243	2765
7747951	2766
1815185	2767
2216547	2768
2108377	2769
3197804	2770
2700867	2771
6730241	2772
5514272	2773
2825442	2774
12667406	2775
113726	2776
4377057	2777
1321456	2778
12930044	2779
2499312	2780
5074218	2781
2446888	2782
13743100	2783
11870418	2784
5385363	2785
13320168	2786
12093769	2787
1840238	2788
9822955	2789
14167426	2790
3555426	2791
5789808	2792
9622302	2793
12614317	2794
8678253	2795
14459824	2796
2031143	2797
2451951	2798
1498268	2799
11532816	2800
1808989	2801
1374989	2802
2551494	2803
631591	2804
1872401	2805
2383831	2806
8648153	2807
2289061	2808
13818551	2809
12664187	2810
1683271	2811
108181	2812
11459538	2813
14538472	2814
319534	2815
9065557	2816
9773962	2817
414409	2818
1076046	2819
26153	2820
267522	2821
2227773	2822
1162425	2823
14361664	2824
5859991	2825
2226429	2826
2026629	2827
12770068	2828
3818090	2829
808191	2830
11598686	2831
1374020	2832
512487	2833
306723	2834
14661274	2835
11874423	2836
13294503	2837
7955280	2838
14037011	2839
13658278	2840
2939919	2841
12355023	2842
300761	2843
9621545	2844
2794372	2845
2519862	2846
9011151	2847
12204175	2848
12906021	2849
772381	2850
14696793	2851
10034906	2852
76884	2853
1776468	2854
499642	2855
14782252	2856
2826443	2857
13977366	2858
8983556	2859
6600684	2860
89154	2861
15116532	2862
7905979	2863
12723835	2864
2120715	2865
11270772	2866
14717275	2867
11675842	2868
3806381	2869
15217911	2870
4950537	2871
13719410	2872
1590171	2873
1169744	2874
1077887	2875
1077881	2876
6153846	2877
75618	2878
451866	2879
1186578	2880
1232246	2881
9020299	2882
960562	2883
6269674	2884
9781171	2885
596393	2886
164444	2887
12422751	2888
3240327	2889
7092592	2890
1575941	2891
13214813	2892
14137561	2893
1468948	2894
2303585	2895
3357081	2896
12213197	2897
6720964	2898
373130	2899
6697	2900
382109	2901
8305114	2902
14425974	2903
11963755	2904
9288946	2905
5217859	2906
12976672	2907
220869	2908
11862835	2909
1216670	2910
769695	2911
383275	2912
7117595	2913
13486270	2914
15163157	2915
8776138	2916
10513823	2917
10650162	2918
9784306	2919
14017332	2920
4756025	2921
10060621	2922
9691858	2923
504270	2924
2071627	2925
9667715	2926
8743945	2927
2328429	2928
1504298	2929
12874231	2930
8173289	2931
1027263	2932
1905121	2933
7448717	2934
9421604	2935
9246883	2936
6725877	2937
4154152	2938
10562391	2939
1933342	2940
739536	2941
14790796	2942
6966454	2943
2015384	2944
12002428	2945
583990	2946
6027264	2947
3629857	2948
230475	2949
10230736	2950
2732401	2951
11494638	2952
6356755	2953
2345288	2954
4813712	2955
2685585	2956
953559	2957
1552219	2958
866079	2959
329654	2960
10644839	2961
14334511	2962
2359324	2963
6764623	2964
4350458	2965
13424643	2966
5856066	2967
12216628	2968
781652	2969
10524413	2970
9944763	2971
1846320	2972
377169	2973
1941987	2974
8691669	2975
11269085	2976
6193727	2977
11822167	2978
3340463	2979
13378518	2980
1910373	2981
10269289	2982
2647144	2983
687523	2984
5225090	2985
4776699	2986
2082791	2987
1175316	2988
13081369	2989
4417180	2990
6107083	2991
10589243	2992
44037	2993
10752480	2994
5926358	2995
7750299	2996
404202	2997
9849598	2998
9230041	2999
14554011	3000
12343480	3001
1491991	3002
1950952	3003
322488	3004
2695895	3005
14137829	3006
155298	3007
12570394	3008
13899404	3009
9947232	3010
1062997	3011
1220636	3012
90186	3013
1002740	3014
12836663	3015
9961999	3016
2764044	3017
13773361	3018
7695965	3019
10198958	3020
14026592	3021
7829412	3022
12855042	3023
1822300	3024
2163301	3025
1487311	3026
1487312	3027
1259773	3028
9280380	3029
14110411	3030
464828	3031
282840	3032
2984699	3033
12849061	3034
2405252	3035
40353	3036
1995211	3037
14795432	3038
6732710	3039
11865071	3040
13954818	3041
10335801	3042
1888520	3043
1140658	3044
8356375	3045
2525312	3046
2167151	3047
6610332	3048
751145	3049
10609686	3050
14276649	3051
12743232	3052
12364604	3053
5471181	3054
12384375	3055
397010	3056
10471250	3057
3485997	3058
1628770	3059
1034118	3060
1958038	3061
3864356	3062
2261123	3063
7722052	3064
1831930	3065
795863	3066
8043169	3067
14414294	3068
1760143	3069
10564800	3070
13007417	3071
1469263	3072
6934389	3073
2723232	3074
7784367	3075
11828247	3076
4796086	3077
8932568	3078
2326695	3079
2971940	3080
3903424	3081
1893666	3082
7248507	3083
8544125	3084
2130190	3085
4451473	3086
8075647	3087
11534434	3088
4678401	3089
1903385	3090
12557995	3091
14343411	3092
12922600	3093
4201733	3094
14759722	3095
3761084	3096
1857392	3097
1908958	3098
9962414	3099
3138856	3100
9978697	3101
5617467	3102
3328201	3103
837293	3104
952182	3105
10000616	3106
959376	3107
7967982	3108
483466	3109
11859981	3110
203213	3111
2081423	3112
2705680	3113
9238674	3114
5835162	3115
9877856	3116
831191	3117
3820728	3118
2710673	3119
9221070	3120
10761519	3121
8518505	3122
2449011	3123
2718469	3124
9127461	3125
13155899	3126
1521124	3127
12960863	3128
79018	3129
2333979	3130
156276	3131
9923418	3132
12609379	3133
1282022	3134
1127411	3135
5301392	3136
2029663	3137
9032981	3138
12193458	3139
2785648	3140
2218759	3141
266634	3142
67545	3143
3464757	3144
7500414	3145
2554066	3146
9171560	3147
12929061	3148
9277686	3149
8618379	3150
63652	3151
5083328	3152
2613181	3153
2530167	3154
9683306	3155
1566645	3156
1894670	3157
3016202	3158
197229	3159
3474167	3160
10265070	3161
12242668	3162
10224098	3163
2249995	3164
1886220	3165
12706644	3166
7832902	3167
10672192	3168
2692335	3169
1072949	3170
1737197	3171
6908159	3172
1808218	3173
9445008	3174
2258600	3175
923444	3176
541479	3177
1802070	3178
5913275	3179
828003	3180
4735233	3181
13549916	3182
1614038	3183
13742980	3184
389238	3185
5221895	3186
7163988	3187
3817062	3188
15277730	3189
1111458	3190
414174	3191
2346136	3192
2750432	3193
10190745	3194
10617193	3195
414179	3196
13687015	3197
12479821	3198
4120842	3199
7214994	3200
367976	3201
8703454	3202
14253124	3203
8240633	3204
12444261	3205
12781659	3206
3072828	3207
1135529	3208
2971167	3209
2648313	3210
1368973	3211
12866824	3212
9972661	3213
1067002	3214
1482887	3215
13219258	3216
1090446	3217
2871060	3218
839194	3219
1260159	3220
13069348	3221
125841	3222
2646378	3223
14391876	3224
12820434	3225
480221	3226
8372847	3227
5833371	3228
13716686	3229
11988774	3230
247439	3231
2391782	3232
3176594	3233
10902591	3234
2599784	3235
1344903	3236
983635	3237
2135220	3238
9142674	3239
1688271	3240
2598438	3241
517728	3242
9772330	3243
1545752	3244
1858989	3245
10684827	3246
1321230	3247
11060535	3248
808162	3249
849059	3250
1160370	3251
4826771	3252
12193334	3253
590366	3254
7733394	3255
12744387	3256
5606633	3257
5601758	3258
1069125	3259
3450018	3260
11842204	3261
1771417	3262
3812541	3263
75515	3264
4787324	3265
9973209	3266
8157809	3267
8250635	3268
977153	3269
2107588	3270
886039	3271
3635668	3272
236581	3273
246746	3274
13481883	3275
12095020	3276
1429663	3277
9250678	3278
14035298	3279
6262567	3280
9228619	3281
3999992	3282
727791	3283
5684561	3284
2497062	3285
7601999	3286
14686913	3287
3457793	3288
14320394	3289
12395717	3290
9936362	3291
2468618	3292
1215851	3293
1246601	3294
669481	3295
6356515	3296
9355850	3297
5774415	3298
483146	3299
13079567	3300
8894456	3301
6776986	3302
14586769	3303
6778102	3304
14004317	3305
11666854	3306
1558681	3307
1853072	3308
2129289	3309
15245244	3310
377364	3311
1645466	3312
11456273	3313
12485981	3314
4338517	3315
4411264	3316
2974697	3317
330909	3318
15297069	3319
7008680	3320
2537085	3321
7553176	3322
7529563	3323
1329141	3324
182213	3325
15074962	3326
1722998	3327
13100156	3328
168217	3329
11741010	3330
6355894	3331
238527	3332
8661277	3333
774107	3334
12183318	3335
72989	3336
1004550	3337
15084999	3338
11884198	3339
9157021	3340
4502502	3341
3427296	3342
2955540	3343
14601829	3344
10774870	3345
720565	3346
4180314	3347
2541509	3348
2346895	3349
12464649	3350
494768	3351
9367827	3352
6350918	3353
5321307	3354
583242	3355
6915601	3356
2392600	3357
8101410	3358
653388	3359
8230477	3360
4921900	3361
7735179	3362
2368280	3363
2571901	3364
948868	3365
2027030	3366
9114262	3367
5145118	3368
10514962	3369
1796870	3370
5998526	3371
602805	3372
5051249	3373
10746346	3374
1979395	3375
9993901	3376
10978098	3377
2544937	3378
3260293	3379
10819755	3380
11939887	3381
8775297	3382
8632423	3383
4689198	3384
13199970	3385
8653706	3386
12055839	3387
2048832	3388
8072837	3389
1327322	3390
1133760	3391
2854156	3392
14118423	3393
12200315	3394
2814533	3395
6523	3396
13249927	3397
1943213	3398
8680888	3399
15294745	3400
1844917	3401
1003588	3402
1554799	3403
14805676	3404
10325549	3405
10103485	3406
10126009	3407
8136502	3408
7333649	3409
2300554	3410
2125641	3411
2005102	3412
6320569	3413
607542	3414
4682319	3415
2118379	3416
2890940	3417
11031668	3418
5050115	3419
8770518	3420
1760300	3421
11991263	3422
2701962	3423
12043444	3424
9665545	3425
5325378	3426
10467179	3427
6611376	3428
1790020	3429
2706605	3430
5651680	3431
6577369	3432
14864961	3433
3561889	3434
33852	3435
2159427	3436
1493380	3437
12231192	3438
11253802	3439
9008723	3440
10005721	3441
2053425	3442
8524021	3443
6255777	3444
5023741	3445
15806	3446
4997472	3447
2279819	3448
13602526	3449
2120692	3450
12543455	3451
2607345	3452
359238	3453
1323958	3454
474017	3455
39592	3456
1904845	3457
7441619	3458
2469928	3459
7739	3460
1972283	3461
1589217	3462
1209135	3463
5503401	3464
3563710	3465
4076713	3466
2700767	3467
3726760	3468
8851500	3469
2266732	3470
5478336	3471
2297948	3472
3189083	3473
2509919	3474
2316707	3475
8424951	3476
2681335	3477
2313709	3478
4826235	3479
1097192	3480
2243461	3481
1955984	3482
15194506	3483
1175467	3484
8183046	3485
1030832	3486
790308	3487
5417698	3488
42457	3489
11898271	3490
3470222	3491
124617	3492
6751974	3493
2303777	3494
12476036	3495
1948154	3496
2623868	3497
2266050	3498
6557047	3499
12398174	3500
10550551	3501
12902662	3502
1908287	3503
7848338	3504
14034	3505
2482425	3506
9989290	3507
4043733	3508
2522864	3509
9545324	3510
296263	3511
283127	3512
10498551	3513
2830596	3514
13461525	3515
958334	3516
9800469	3517
14750122	3518
7193596	3519
6622709	3520
2000036	3521
12950669	3522
1135952	3523
1101103	3524
1836673	3525
14757848	3526
7268759	3527
897811	3528
6078978	3529
5237227	3530
6102865	3531
5663671	3532
1286038	3533
10457597	3534
4845312	3535
2377418	3536
1283208	3537
464321	3538
5477686	3539
1814815	3540
10159714	3541
1287782	3542
4464211	3543
5765415	3544
2304797	3545
1635964	3546
405360	3547
2115913	3548
7387509	3549
5794403	3550
9044190	3551
12080395	3552
5578911	3553
2052936	3554
866606	3555
753973	3556
1008947	3557
6377275	3558
1227190	3559
7357388	3560
9851876	3561
8765069	3562
1139380	3563
613683	3564
9388848	3565
2181863	3566
1947275	3567
3575240	3568
1451524	3569
2430191	3570
13753740	3571
6340047	3572
2360274	3573
11431302	3574
6650701	3575
10432532	3576
1664862	3577
4367480	3578
2238235	3579
7769584	3580
218602	3581
14048134	3582
754280	3583
1170243	3584
11722342	3585
12031547	3586
10834690	3587
7129602	3588
4422875	3589
2331046	3590
14461679	3591
10404550	3592
1148614	3593
1637796	3594
650353	3595
11542341	3596
2054834	3597
6012726	3598
5665146	3599
7432559	3600
3822951	3601
2235666	3602
4874409	3603
127672	3604
3758089	3605
2687172	3606
5548840	3607
2555908	3608
14919272	3609
12112488	3610
5448704	3611
3829563	3612
10468962	3613
11980577	3614
7132415	3615
3758334	3616
5678745	3617
1523908	3618
1626134	3619
6888345	3620
2400037	3621
1626138	3622
3659809	3623
9639382	3624
15145782	3625
12024176	3626
8173515	3627
6734467	3628
4494906	3629
13931436	3630
1145766	3631
1856748	3632
57162	3633
3401500	3634
2133297	3635
2215355	3636
1819387	3637
10050432	3638
2147947	3639
3534890	3640
4231444	3641
1217617	3642
1922895	3643
1633949	3644
150287	3645
15057744	3646
973077	3647
5779712	3648
9819860	3649
318816	3650
10000007	3651
5621808	3652
1923414	3653
740609	3654
1037650	3655
14714817	3656
4373894	3657
3632277	3658
7883860	3659
1299735	3660
1391391	3661
1443998	3662
7375214	3663
9385137	3664
3440024	3665
10597234	3666
2119022	3667
2072209	3668
14405931	3669
2103481	3670
10818088	3671
12470092	3672
10731013	3673
11742175	3674
12609128	3675
6077413	3676
9637211	3677
8585657	3678
4304375	3679
3003091	3680
843128	3681
8206663	3682
10090498	3683
191517	3684
14046202	3685
2137538	3686
14578104	3687
747215	3688
1596645	3689
5544906	3690
1088923	3691
785008	3692
9929577	3693
5528854	3694
2889035	3695
4818284	3696
514041	3697
1142519	3698
13963757	3699
705778	3700
132601	3701
8736779	3702
740290	3703
10674130	3704
14418395	3705
7576577	3706
3042697	3707
9799607	3708
1460457	3709
3327841	3710
8355324	3711
2978205	3712
12053405	3713
11769483	3714
2699783	3715
2614945	3716
1047338	3717
11877473	3718
1663920	3719
3744840	3720
3154446	3721
6186301	3722
